0.5363894339587612 
0.6156582161484122 
0.6022680733808651 
0.5841280070964578 
0.5107596301754461 
0.5708074207563316 
0.6097626752966557 
0.5460834909820974 
0.5796039833372219 
0.5816155606354818 
0.5506188905239314 
0.596348505037754 
0.5723953971888572 
0.5872568660990738 
0.5609928455987571 
0.5518029308324031 
0.5927957765884817 
0.5778550608623148 
0.6016975763869346 
0.5717124062703585 
0.5365425905522518 
0.5544733841280167 
0.5176088340225773 
0.5586025433277446 
0.5647334513966866 
0.5323489290285219 
0.593615108630865 
0.5672851646522343 
0.6047827061968128 
0.5806401576155458 
0.6380620879585757 
0.5860978241684717 
0.5298581596455617 
0.5456000834681275 
0.5519971480410731 
0.5588945781306145 
0.5230101864792001 
