0.5893514979690121 
0.6243920318865007 
0.6161011838168491 
0.5771584308169454 
0.6175300327201211 
0.6251054805798735 
0.5928830181414061 
0.6369197251550196 
0.6380172891186414 
0.6286141524248734 
0.5948053616294584 
0.6425571016154623 
0.6336190048568551 
0.6444423441927699 
0.6068035720216671 
0.6167022209397827 
0.604618415191708 
0.5772379022740073 
0.6548837185315712 
0.5951886013162151 
0.6505838617875969 
0.6363038727982725 
0.6292180537360803 
0.6002377120847598 
0.6137345513918615 
0.6075443248550206 
0.6197184521204717 
0.6039231883947531 
0.635371787923949 
0.657444428348383 
0.6110710981154899 
0.6156703547905045 
0.6447079226312536 
0.6520258532773231 
0.6060673773571952 
0.5870031395829381 
0.6121046382113353 
