0.6175074067837331 
0.668961096308339 
0.6092976794403261 
0.6059254621022354 
0.5883407398158994 
0.6053189568124733 
0.5890848781979227 
0.6076188293089638 
0.5972009367756546 
0.6535455840741529 
0.611069982890859 
0.5940326087135985 
0.6047875717351527 
0.6300108245124842 
0.5768180618309716 
0.6177266485950181 
0.5848715050386035 
0.61564457477283 
0.6097058821390612 
0.6162710568940214 
0.5979219396757407 
0.6197262616234783 
0.6352657004830919 
0.5799331000741921 
0.6121580075549226 
0.6353390187123416 
0.617411278973347 
0.6656920077972712 
0.592641739833157 
0.575024113440778 
0.603771195876289 
0.623899221555818 
0.6157731890902491 
0.6158010818561261 
0.6556202509207457 
0.6032199020835918 
0.6549344774491468 
