0.5759602639704344 
0.5783642429241315 
0.6134598614010549 
0.6142884016667157 
0.6272340915412558 
0.5880277863882856 
0.6319705153394808 
0.5952269798974751 
0.6076274886713601 
0.6038313745473505 
0.5932833720651004 
0.5936973442495197 
0.6145312749964597 
0.607785394321767 
0.6344292955336645 
0.6024955556549433 
0.6046538263910834 
0.5817588698594696 
0.6063343971520585 
0.6409465020576134 
0.6391617427942592 
0.6214914231705095 
0.6054937174859223 
0.6001113164666242 
0.5879375786917884 
0.5877031811999476 
0.5962756046834129 
0.5998979495056429 
0.6006329097998143 
0.6076848571229814 
0.5801892760278848 
0.5674795226985454 
0.616183212837242 
0.602974446434059 
0.6281291656865052 
0.6150046414134216 
0.5956760525185132 
